RecEnc_national_illness_(102->24|6)
train/Loss: 0.624870220820109, train/mse: 0.7134644985198975, train/mae: 0.5362759431203207
valid/Loss: 0.45907923579216003, valid/mse: 0.4408261477947235, valid/mae: 0.47733232378959656
test/Loss: 2.7641334533691406, test/mse: 4.208559513092041, test/mae: 1.3197071552276611


RecEnc_national_illness_(102->36|6)
train/Loss: 0.7627847592035929, train/mse: 0.8943310379981995, train/mae: 0.6312384208043417
valid/Loss: 0.5678238868713379, valid/mse: 0.5721250176429749, valid/mae: 0.5635226964950562
test/Loss: 3.240687847137451, test/mse: 5.014739036560059, test/mae: 1.4666365385055542


RecEnc_national_illness_(102->48|6)
train/Loss: 0.7419455250104269, train/mse: 0.8438128630320231, train/mae: 0.6400781869888306
valid/Loss: 0.6229979991912842, valid/mse: 0.6383067965507507, valid/mae: 0.6076892018318176
test/Loss: 3.5065088272094727, test/mse: 5.431018829345703, test/mae: 1.5819988250732422


RecEnc_national_illness_(102->60|6)
train/Loss: 0.8065231243769327, train/mse: 0.9221635858217875, train/mae: 0.6908826430638632
valid/Loss: 0.6492869853973389, valid/mse: 0.6625548005104065, valid/mae: 0.636019229888916
test/Loss: 3.336491584777832, test/mse: 5.132352828979492, test/mae: 1.5406301021575928


